title:A1en私人清单
description:有缘人可见

//这个是备注应该看不见吧//
dimwishlist:item=2171478765&perks=3418782618,3824105627#notes:A1ien的14赛季超强PVE掉落列表。推荐大师属性 - 填装/操控

dimwishlist:item=3654674561&perks=1840239774,1885400500,2450788523,3465198467
dimwishlist:item=3654674561&perks=4090651448,1885400500,2450788523,3465198467
dimwishlist:item=3654674561&perks=3250034553,1885400500,2450788523,3465198467
dimwishlist:item=3654674561&perks=1482024992,1885400500,2450788523,3465198467
dimwishlist:item=3654674561&perks=1840239774,1561002382,2450788523,3465198467
dimwishlist:item=3654674561&perks=4090651448,1561002382,2450788523,3465198467
dimwishlist:item=3654674561&perks=3250034553,1561002382,2450788523,3465198467
dimwishlist:item=3654674561&perks=1482024992,1561002382,2450788523,3465198467
dimwishlist:item=3654674561&perks=1840239774,3230963543,2450788523,3465198467
dimwishlist:item=3654674561&perks=4090651448,3230963543,2450788523,3465198467
dimwishlist:item=3654674561&perks=3250034553,3230963543,2450788523,3465198467
dimwishlist:item=3654674561&perks=1482024992,3230963543,2450788523,3465198467
dimwishlist:item=3654674561&perks=1840239774,1885400500,957782887,3465198467
dimwishlist:item=3654674561&perks=4090651448,1885400500,957782887,3465198467
dimwishlist:item=3654674561&perks=3250034553,1885400500,957782887,3465198467
dimwishlist:item=3654674561&perks=1482024992,1885400500,957782887,3465198467
dimwishlist:item=3654674561&perks=1840239774,1561002382,957782887,3465198467
dimwishlist:item=3654674561&perks=4090651448,1561002382,957782887,3465198467
dimwishlist:item=3654674561&perks=3250034553,1561002382,957782887,3465198467
dimwishlist:item=3654674561&perks=1482024992,1561002382,957782887,3465198467
dimwishlist:item=3654674561&perks=1840239774,3230963543,957782887,3465198467
dimwishlist:item=3654674561&perks=4090651448,3230963543,957782887,3465198467
dimwishlist:item=3654674561&perks=3250034553,3230963543,957782887,3465198467
dimwishlist:item=3654674561&perks=1482024992,3230963543,957782887,3465198467
dimwishlist:item=3654674561&perks=1840239774,1885400500,1546637391,3465198467
dimwishlist:item=3654674561&perks=4090651448,1885400500,1546637391,3465198467
dimwishlist:item=3654674561&perks=3250034553,1885400500,1546637391,3465198467
dimwishlist:item=3654674561&perks=1482024992,1885400500,1546637391,3465198467
dimwishlist:item=3654674561&perks=1840239774,1561002382,1546637391,3465198467
dimwishlist:item=3654674561&perks=4090651448,1561002382,1546637391,3465198467
dimwishlist:item=3654674561&perks=3250034553,1561002382,1546637391,3465198467
dimwishlist:item=3654674561&perks=1482024992,1561002382,1546637391,3465198467
dimwishlist:item=3654674561&perks=1840239774,3230963543,1546637391,3465198467
dimwishlist:item=3654674561&perks=4090651448,3230963543,1546637391,3465198467
dimwishlist:item=3654674561&perks=3250034553,3230963543,1546637391,3465198467
dimwishlist:item=3654674561&perks=1482024992,3230963543,1546637391,3465198467
dimwishlist:item=3654674561&perks=1840239774,1885400500,1820235745,3465198467
dimwishlist:item=3654674561&perks=4090651448,1885400500,1820235745,3465198467
dimwishlist:item=3654674561&perks=3250034553,1885400500,1820235745,3465198467
dimwishlist:item=3654674561&perks=1482024992,1885400500,1820235745,3465198467
dimwishlist:item=3654674561&perks=1840239774,1561002382,1820235745,3465198467
dimwishlist:item=3654674561&perks=4090651448,1561002382,1820235745,3465198467
dimwishlist:item=3654674561&perks=3250034553,1561002382,1820235745,3465198467
dimwishlist:item=3654674561&perks=1482024992,1561002382,1820235745,3465198467
dimwishlist:item=3654674561&perks=1840239774,3230963543,1820235745,3465198467
dimwishlist:item=3654674561&perks=4090651448,3230963543,1820235745,3465198467
dimwishlist:item=3654674561&perks=3250034553,3230963543,1820235745,3465198467
dimwishlist:item=3654674561&perks=1482024992,3230963543,1820235745,3465198467
dimwishlist:item=3654674561&perks=1840239774,1885400500,2450788523,1067908860
dimwishlist:item=3654674561&perks=4090651448,1885400500,2450788523,1067908860
dimwishlist:item=3654674561&perks=3250034553,1885400500,2450788523,1067908860
dimwishlist:item=3654674561&perks=1482024992,1885400500,2450788523,1067908860
dimwishlist:item=3654674561&perks=1840239774,1561002382,2450788523,1067908860
dimwishlist:item=3654674561&perks=4090651448,1561002382,2450788523,1067908860
dimwishlist:item=3654674561&perks=3250034553,1561002382,2450788523,1067908860
dimwishlist:item=3654674561&perks=1482024992,1561002382,2450788523,1067908860
dimwishlist:item=3654674561&perks=1840239774,3230963543,2450788523,1067908860
dimwishlist:item=3654674561&perks=4090651448,3230963543,2450788523,1067908860
dimwishlist:item=3654674561&perks=3250034553,3230963543,2450788523,1067908860
dimwishlist:item=3654674561&perks=1482024992,3230963543,2450788523,1067908860
dimwishlist:item=3654674561&perks=1840239774,1885400500,957782887,1067908860
dimwishlist:item=3654674561&perks=4090651448,1885400500,957782887,1067908860
dimwishlist:item=3654674561&perks=3250034553,1885400500,957782887,1067908860
dimwishlist:item=3654674561&perks=1482024992,1885400500,957782887,1067908860
dimwishlist:item=3654674561&perks=1840239774,1561002382,957782887,1067908860
dimwishlist:item=3654674561&perks=4090651448,1561002382,957782887,1067908860
dimwishlist:item=3654674561&perks=3250034553,1561002382,957782887,1067908860
dimwishlist:item=3654674561&perks=1482024992,1561002382,957782887,1067908860
dimwishlist:item=3654674561&perks=1840239774,3230963543,957782887,1067908860
dimwishlist:item=3654674561&perks=4090651448,3230963543,957782887,1067908860
dimwishlist:item=3654674561&perks=3250034553,3230963543,957782887,1067908860
dimwishlist:item=3654674561&perks=1482024992,3230963543,957782887,1067908860
dimwishlist:item=3654674561&perks=1840239774,1885400500,1546637391,1067908860
dimwishlist:item=3654674561&perks=4090651448,1885400500,1546637391,1067908860
dimwishlist:item=3654674561&perks=3250034553,1885400500,1546637391,1067908860
dimwishlist:item=3654674561&perks=1482024992,1885400500,1546637391,1067908860
dimwishlist:item=3654674561&perks=1840239774,1561002382,1546637391,1067908860
dimwishlist:item=3654674561&perks=4090651448,1561002382,1546637391,1067908860
dimwishlist:item=3654674561&perks=3250034553,1561002382,1546637391,1067908860
dimwishlist:item=3654674561&perks=1482024992,1561002382,1546637391,1067908860
dimwishlist:item=3654674561&perks=1840239774,3230963543,1546637391,1067908860
dimwishlist:item=3654674561&perks=4090651448,3230963543,1546637391,1067908860
dimwishlist:item=3654674561&perks=3250034553,3230963543,1546637391,1067908860
dimwishlist:item=3654674561&perks=1482024992,3230963543,1546637391,1067908860
dimwishlist:item=3654674561&perks=1840239774,1885400500,1820235745,1067908860
dimwishlist:item=3654674561&perks=4090651448,1885400500,1820235745,1067908860
dimwishlist:item=3654674561&perks=3250034553,1885400500,1820235745,1067908860
dimwishlist:item=3654674561&perks=1482024992,1885400500,1820235745,1067908860
dimwishlist:item=3654674561&perks=1840239774,1561002382,1820235745,1067908860
dimwishlist:item=3654674561&perks=4090651448,1561002382,1820235745,1067908860
dimwishlist:item=3654674561&perks=3250034553,1561002382,1820235745,1067908860
dimwishlist:item=3654674561&perks=1482024992,1561002382,1820235745,1067908860
dimwishlist:item=3654674561&perks=1840239774,3230963543,1820235745,1067908860
dimwishlist:item=3654674561&perks=4090651448,3230963543,1820235745,1067908860
dimwishlist:item=3654674561&perks=3250034553,3230963543,1820235745,1067908860
dimwishlist:item=3654674561&perks=1482024992,3230963543,1820235745,1067908860
